$ANSIBLE_VAULT;1.1;AES256
38613633323363363734333032356264653832633635633166303765353036623836356365616164
3132343233353436376666383665623766346230656165370a356139326233666437663837386461
63303265353035386434313637306265306330303337303537633866393534633533353166393732
6266653961356366660a373332653339363534326666366663323664366334386165333736396234
63653033356636663139306131383330303866386532376636623366396463343066326237643262
63303732613336353933336435356230396632626437373230643165613965396363343430623765
66656336663763393439646434653935336437653732663830363735383336326138656662383733
32653836316462633137643633653937646133363732386662633061613662636436633339346335
39366366383536333064326365313666636134383361373434653531363837663134656134313263
61396562333562323832643438616131613261393036666461663437653931643234376531313530
37643537306332323531636364343732633066316666386337363530316538333565303566306135
35393333343234633036653735373064363566613836356634626365303935373337313034666262
30613662323334623464326533323633396133313931373965386332396238373932313133363964
37383631313134393065303564626361653431353265633032633763333065343132343430373461
66393138333130343938356162396466333861636163346564303063383436623632386536396531
37383738396163303839626461636530393362343234363538373263616138366133626161343236
62373836366536313564646564653361613932613936623537333337633839383239643139363533
66643866333034386638626537353833663336623935663639343239613631303734333335326261
36366534356665376563303135636435376431613865653631333333363435643264316563623230
30373631363136303464636635616366306332336434616337633564396261353663383231643764
32643662313339366365333637313239363466376631653664396365646132326536666531336633
32353735393739393765323037373263643830326134306364363039653331656639643362623061
38336436643834333966333964656538343636653531343136363430313433316362376261363733
61633832623330396638383966313037663963663466623861303233363034653966646438333039
37383632353635663038313430366166636665303262663362313632313564383433613633623535
39303531363833313036306437356530353738616130383830633663366330393439366131623336
65396264356231393839613430306138636233653363663531383738656138393633356131393730
62633834356465626537373137373235643538393561393531383033326333356666353066646131
33376437326533373631646266346536353731336265376432613736613832393334356538643031
30653032356164303166363338373662633539626338343165393830393936666265393763313138
32383032336533393866363530663764343235363739656330643732373065303135653163376536
32626334613037303661646566383231373135663861373537363238386666326632396135636435
33653238346362343964376639666462633363623963323131323965613563336530636635613161
35616637363633303931613333306530303630666135616332326636356537396164326235343133
31333438653263643733323236316237356139643163623138633030346430656136636633323739
34643465356430353732376162333439616336386438326436333631313363383536343563643062
63633532653665326535623362363530666665313130363261613038356266383630333661646463
30306231353730343536613935383434383735396530666434633539343233306432316462323766
62313062343831626236306566636632633161333066653331366663613536326333356332333030
30376362373162356466333834306533633331353632326562633166313863663738376465613365
32393462373834376230363238623432653134396632656335663735396339633836383564393732
32663433396533653766666362376261353463343630616237326136613365646139656161333231
36316431623932623963396338326231383366613561666566333632316139393663656462343365
30343036353637616533343737633132653638623266346262343963643432363738613764356263
62643135333236393138306164386237666239373263316261323562313661343664373262613738
66396563363861613030343830326236333538303733376161393764353463616461353137306134
64363837383437633234376462643037396364613162393566383864336338343333356338396265
37636264363033623466643732306230636562623238346230616438666633656565313665313766
34376631623535333434373261303762333663383666346562623261313766306638633366353064
33333163306134346136313261303237373131656162663861326335333932353537336161313062
64343736393737333363376332613732343433353530643166356531353661643639656566396162
31393036333861323933383035653939653138393239643566393734653963613937613961653665
36613837313730333534633866343639656465306264313066376165653164356266353435616438
37376564363137636233653238326631373566636635303964323962616438626131393231663634
35633632623235353665343137636466303333383832373335653566353731623533653139393539
37336238333634373161363664626633373934323861373063663330656239376663633337333964
38303065643130313266613665646663313932326661336537356663373935613064633033633138
31366566303735666431333033663064653734643932303765393462376536343366313261656561
63653666653864383234626234326136613230656364623461613531383835346364396639666330
31303861316436646439353361633162653664386463363734323165356566316436393832386164
31613162313066656632316631316238333739663264663832343136613736313964323461306232
64636339336638396638383366643139303135633066376532363765373738383030633863353930
34343731313463623338613663383036326133636431613338396134656563346130373261613264
32313537336139643137313033316236616338326239336361363230393263353233346335656530
31323464643364383133383730313966633135643234323137613331373235366232383534316130
35636363616234663362643162343332353136643838373536306432623835333861613132653837
32386532323831646436383131313636616234626663316236643634383830386137333534343866
64393234666365643365613962363932306432623166633937646363386532616537316365626265
65373031383031343261346566366661663064653630373830373139313663306662616534383432
66366632633538383161366561616230663930666562366638666435313163396635383736613862
63353862396135376466383536383062323732323635613935653661313534303834643535643636
36373163616330643938326163333663313164363861373032346633623935396532383265343535
63396439643237363035323865613164613739343161353265366431363966353763333037623061
39333131653530383835623831323934633238633136663062386363633630323534353835383738
39386332306534376334613337373662363231383035653231396435363634316234353631383165
35346363663063336534386364623864353933613633636233383363633065323835313635643233
37336263646366333161306438626535316463303032376136383637636632353462326262313133
66313437613030616263653035316461323238616335616533343163376464643936323335643438
64613631386239306561323866356365303432363136326363366135346664323931363337343063
34633039336433666339396465353032373739363539383239663032656264613639336165346263
37646262316438386563623834353364666562396630353531653437353035303037653964663133
64356538386132666631646537646162616239616261653664376562333831376365636630303963
30643765613335363432626336343066303335316164386432356535383631616365643861396639
62343534373932373661663031346237353062626239376631623730333231333565666332383835
35343331313061373536353432363838333232626163353964373663353136353038343864646335
66356164313430656661363731386631623639363932373432643432343464313135653730303935
33636534336366353363616135653634383062316134396330366664376163666237643862643733
37313831383165363561656162336263373165316664383433356531343164666531333566643032
65326436346264343033663766663239633636313532336364623861633163326134366439373932
33373164613034393937303630356438303764663864333166343862303263633063613536356437
64303134623131333533373836396162316437333136386639623831396434613138346639356364
62363866353261313638643633373739646162346461393463346536376630666335343334343337
66386534313363373537383063613635346630623731383132346639323939316237343966626639
64616437316332366533366465353731643132343361363961373062663036386664303536343966
35393336303662393865386463646535383466346630373362396333613762613734373364383262
34656238346337623233646430323434653937346532363065326562643666346532396365366432
30306261626437386562383532316130643864633930386630326338383539653732353265366563
63356539626163633561373961326536633635383663346533386134646665363334343164623433
35373539353738363361376633323432626338326465386565616135363862373766366265353863
32313432383263366666353064313233323433353730666164356132643831616565346130326132
38356136623835313330373965333134306263386232343662306363353538343565353131636161
35333661313764316662393638356365373662326537646661333763356132396133633063623762
63633837623961396237373465383132643934376238363966613031326265316563303035383531
65653537373236643264353130653535316431616533303761633333616235653662666237653836
62663838343362373137653736353832633232333365396434363638303431656130396138313032
64326564393666626335313465633266346663303461613061323365633664633239313232663564
33363565333636376334383637303465376432643037393536333338643233616431626331366439
64363464336538646262613038363539393662613631633165653362666363346330373636353332
37626434316332366465383132393039373932363462326336626639363633633165326238333337
37373661346435656638643737316266356464323661306535373864646434333733653862316264
35616139626332663036666238316235643266663661616630316461356265353234343834346532
35323532383730616130656161373337613264376166373732643365343262643266646563636362
35343839363039313035626266343736383663333563613734643435636430336430616539393065
31373839666566343935363466393839383632343534393238316637643964613366323831366133
65353335376236663436663065326538313964313962316438636234356264373837613764356639
65663136396131646164353437666433333766326634646630663265373937303161643765383536
65343265326332613762636134393233663862383238376134323766323038653562663761333163
62623137383363363837396137623630376434393861323130316362383165333333383330303766
31306166643037666661613338393364303035633737376633323866633631306230356263323566
37373131663666663264373836666136383532633532346463656633336330653331303366373062
32306133313861653865376332633963393333366565376530396531356530363965643538373738
62616363366136666531643530306664363032316366623430666162666335336462353330376531
36343136666136323563666233353739343031613663393137383566386132373766353730333634
64386433363732666635396235373832333737373232316635313237313962393934306362656230
31363661353266633562373434663432616464616535333531636331313266626334396438356537
33353836306366633334323863366564326536313638646330353032616335646638306465623138
63623730363162636639613065633732323265383137326233653030336235323365336137643561
63626538623334303033663438333339363338303865613963373863373030626131376166363936
31343939636136313932636435373436336334346430626233623562313532303631626465393561
35643236636561343963393762663535363665353264376638336363313163376631343636336533
66613137363439363563303039646238646339623437316635623034316230383066366430643064
33306336336432363363613963396331613731646462313762633165386436313632366461353536
34626531613762663063333136356337613937643963373938643061376134613532356131373864
32333735663730353565363536666537313139333361626536396430306463306530326563336330
61623561336665363837353235363463326135333665643861393630653064366635313837646335
36613134633639306632616164653932363938366362633232376666313961633835326630303739
38373038373330303537633439386339386261643961656137393065616463393262383236356236
39316234663137306239313164356339346661653165333738663434653031636136323664353333
36636334336531313761383065313036616361663139653865633764643330623730383438613839
61663735663737363061353363383835363764633266656134363964363362353631616536656230
34613831323235386265393235343139613530333763346238336239346237393065623037663164
65326531356636323936643330653534306365663839366466303933356134633662353138613635
30666636383461363830323866373432653734353462636663626536303664303066643634356166
64636663306134303237363739636664323336613239376431626163323736623138653436363530
38616435616235643661353563303432386431313431303935646534316633646165383633623339
63306334386365646438323634623665343865386637633561386334346336386330636462666563
32313930626133636263303163316230623063653032663436353335653831343662343362383066
38346236643435383538306438656364366331356565656564376165656563303638326461393531
33346130643536343832313065343137373834336132376530323862373031323764356562353635
30616532343230363862636261333838393431316437626162353735313130633337356439306330
36643030663633636536653535643739363631306563363832313634343762646333353662376335
39353564303466353539663731646138306237363966353363623638343231326132666135633432
65373734343062366563336462333931316535333634373434366465333365323363396533653861
36663664336132353931353230346332363338373531613630626161636333323933373534666530
62613837623836363366373730303362396434653739626134343362316239393639343965666234
66626232666430353166393434373766666630656531373032306333396464323038376532643862
65376462313864366336383837623363626164623664343863343935366263373037613730346636
65363734633139356430656338616639623337616464616363313733383861663630653261323966
64643963316239346134396439303062386466383730636631653831613334666263316465383939
34373664323239323030343635346333303931623337356539353032363934366637613862346264
30633538346431306437316364636332656539613232386265333866663436336435613531313462
61326664333031306631666438666135656131643433383839303232333637363030303761326431
39303138623436633635393962366361626664613461356261646533633562636237626564313066
31623430356635653866343034393930633631313338396632663632323964363765363536313737
34393239313836373931353833623961373533323565363165623565643164376536313835643464
36336130396130303538343564383663383835646239383138663433636363616462323864343466
33363265303036376665623632336263396537313266643633376639656437306234643066626538
32663438613830333262653265333466303635306664343966396633656561666433383831303936
37373063393064366666653334663664313232326534613436666238636234633734333763313033
62303261643661636131333465663035663762376463336238383135366663386538633239333737
32643763633630326637366231623937376339383336343063663265376239346130376638306637
64616138663264363839373861353738363461643264313863376439643161386164636562393134
36343262393866323131613038656539343136353836366532373734313631376666303735326135
64636264653366346336343262316164376331396366336163653431313865633132366236353731
66663865346237616263326665303230326235396337636237366539393030633935303836373833
32396339633562643561366338303263313663323433366462623532393033623738376662343837
66663731336236613138396562323264373735363536356638663864323934326533633065326633
33313036326334353464373465316364613834356361643161393238313138643733636638613634
63613634333237393838653534353630383338623235656635356534393366616335343332653032
39613232626634326266323932393065653331613935333065373430633131383564656237666632
35356136663134616533343862383762336137343138306663306633383939326661393262643936
64343132623164353232613937386435323965646561393933653063383636663233373135313565
32353633636433343234613636616631626464633636633163623037343061623665306163323563
61663232626162663964323638366432363265313536646534376132383637333433636532383636
66396163323466613437656266373139323564363539393038636561613831393530356534653438
39663032363532623234386465326230346639633138326163623766366366643631643061373830
66376230313964353230336436376136376139343162646439323030366632323334343565666638
66613835323134343462613361376464353737373032663034663465646362333431383738663061
36356434353231633263626530363738313334363365313030353663343733356233333236613564
64383261393139306163663461646635316639323934383135626533376539393436353935383534
34336536643031373662636338373464303933393932343861666234393139663331363432336365
31343830383964616166643234633133303162386262393435633862643935326536353533313465
65376263313136323133613361363764383761373232373831376662333638336338353938616337
66393666376634643933633561663131306566356639633731653736643462656661616234353932
61633234663237316166653237623631373334383261336665396539363931346536666661653164
35353232346465636334646236646162393030363532336263383065316536373036653530336631
38333464323238616231626630323635393039663634396561316332353831353634366664623030
65306434323364393739646433336139393264343666623165656433636439373264313933636361
66336538613531303162356365366131623435386631346461303661373138313031356461363661
30343864386233373963356161666262666463333237393633373330396461366137333161376333
63663633363831373335373563313033373436376462633939343534313434636139613337386261
65643165316631316330626463656533663235613034623935656563663962386566633132383535
66383864303561306639616337373935383566313130643633323430396166616637356465353033
32373436303032373165636339343362646465666134313832633834653031333764366338336235
35666463376536386234643237663338616431386533396362383838636661623638613763663438
30616437363835376663616530613733323761616234373264633763373537343232366537333136
39653465653039306331663834656431373964613066653431373438323430373435353833653134
65666638333866306333336431336538626665663733366362646164323330333831373836636238
33336665656561363038373836633462303835666530633232306364643533653739326366383031
64373864383362323736366436336136356132386432323164633634363433616533383533626463
34653266646336613132666236323433396363636435363235313738623539316439333562633261
64303363623563363131663030613439373630393161663933613432653862656363643164613461
31613931663863623163353334616137323234376535666632643935656562383834663561336164
61383533336437653163643962643431313034343631663935303732363863633063356233353164
63353261663339356535366566626466346237353663643061633433303339336538323537313131
32303763326364653531613364363961663337666562316430303133376132386262623661633036
37346365623563376437633663346162336565643163313161353462316665343831363462346536
32353531616537326438623439363865326266356334626238353661623233613935346263613635
63663432376530643834653338366366663232646238346563326638376637656637653134663063
64623539623337663537373463656237646437666462306130633338623939326437626235623536
38383863663265303537613434373762393933636565336537303430633533343663663631353762
65363731353166316236313434353864323431633961663038623539656137663935343738376439
64373737313932396539626234633565653964353635306165376532616439316636353937623231
66323839663263653433316461336535323265313162366430353130353135326166303662356165
61623034363565376432306362616138663062336439366166646162303261303930326231363037
62336130326162316534636666363932623938373134646235303634623263653264396634393765
36323635636362356437373034346663623266613036346130323638333037333735623936386134
32636633363232353736636534613266363165643439393837643163316438363961376533303739
36366264303639336636633364326139656365656536366438303162643438663763636565613237
66303538313333323966333337376138363835363332643064383538303838366638623439323935
36386235616261303135303239363833623236613238393034313761653833343136316630633663
35623332316162336265383037336266353333386635363566323930623239623038353838313764
37303766353361636134336632326464323065613564316639613132396636643936633462393739
65313838613734613631326338656565623636343664656536613634626233303864343135393731
66303934356438663834313361316234303530653438633532333236343665333135626337393036
38376662663565383733363633306665316631323433633839353539656436663662643461636266
34626632653236613337386232316439326134383562363065666339313030303532303363623130
31636265376531663332656262356164646230653030316366353864633134326631663662373432
30353433313862306130396239613465653137613139613161333263306135343363633964386233
32636365366130386339383434303437663236316535623365653030303330613534333463313839
65393764393366343532633233386630636361313138386464663465313931313136376635386539
63356132613563633035653938646436356631393132323536306163316161313331336639633033
37333930663331336638663338633066323836633332626331336465336637376232343830623263
36343037666634353430376538353432376563396339353461666566643066333339303166343265
30656638313162373830376562633439623234306435313236393862356261336539636365333636
62356435626464643831626362303332313965663838333666666261373637333465666137383430
36356631343933343133656566663438376430366665343130383433396464363039303662373363
65313739353433323232383236393239643661346432656234393862663732356336316430653661
37643939633363396464623934633339643932353862383232353639353637363738616462336437
37306162666130333230333566393661396434376430323139336365333633363065353732363263
66633938623062393632366633393235393566366232313664316138386131633030343236643132
62346235666461623430643937663338353766336165336161383036313265346463656639616264
39636566613635376532336339336132356639393335393763656566383865353138323232613565
64303962653861636534343539363330346561383961646536643766653838623832303135383066
65376161356663393066633337313239313664613231306635623237383961353533336434323834
32353235396437333364653332326538623336393834336162653539653366633432613130313461
66333537633233663462393436393639373339346566343230313139633563373230663133626539
39353539393330653132656335613163316663363938376366633162623666346139613564323530
62626165626465383832353839646336353835366365386163383935613764323763336564626434
36666561633761633535363664656239626334363632616364376563313430663634333966636264
38363161343665333038323266376537373064346339366631396439623534326364386334653565
66383334633035323236653039633538396334363130383161636463336433383763376232396137
64623936643764623337643737303666363931316634626235643463656534373765343962336336
65376461343862623062616239663139396362653163643131396430306165623831316631653339
33326666363635616664613630333965316232393664393764333435616533613537333833613062
65336536373931356361333334373634356638626133313764386337633433663435336433663035
39396366333264303965316233393539373136666536613363343733363265643733323335633237
66333038653633393961373735656136643263663232303439393639336435626665363539326562
65313533336637656131666339393538346365393734623937363438336464376466373137643134
66646165323634333366373565316664366665393466323332393366656634333163623038663261
34633537663431646231343331643539353330653562333239376635613866633030653639623139
38303330386334393261356361393134353530353232336630303063353064626334323934656138
66346465386132633361616562353766323961326136633465616234636135643864383663333233
61316339653531393632623334363532306135663765633461373833383835393437656534343637
34643263316435393736356430666130306437653030363035613262666435366166366338643637
64396233393762626262366439306264663065666261363062346364336636303461383739636437
31646261393663643237366335353333366430363565313963316361386262326634363665643165
32363239343330373565386366646365643531306665366539646134643161643833626461626638
38643964633565333535303132313564623363346536373438343331346531333439643636353965
61643061646139313633623636386466623335376262643062373436373265316666663132353336
37643839313562303038623530396237323864393662396536633237356665326530623033393761
66623636353266613134393635643636646238626232323463386436376262333563316266626135
66326334626664366262373330383433373461343966333031376666636563306566373030323564
64333435643133306331633866323761663332656439623061346464326566393431653761366434
31646331653936363430323231656139383562653265636263393337613762653635376462353963
34343935333062656433346435656335626461363663313465393838346365333532303732363736
61643234613539376365393438643933643261303136336132363534363730383365353132636564
38316562313031303463623730336337626338393433373734333064333737633138393763383262
61623863666161396265616464613931616363383765383839363436626438306466633531616636
31373565323566316264313666663233313263313565393033623039313561353334363864666237
32626333373639646233373231393464316234616464306638306664353433343537343337366130
35643630303237326531623062356364623036663231623761383339633436353432323561323639
31313438396265666232623464383962303366333031386266303838373266623834663033666161
32353038386337626131646532303633313331366464383833336237376234386164356133396439
35646334393032313137393737616432326236303639663264363230323435303735356131346566
62613766623662373939356564643463643534653233303236643966326361346366323230666137
31313861316330656632386535346666326536616433363034353731313839343336313162376138
36366632356538393835303434343733343135363539306435356262313664333261326164316137
66353030386364363565363431316331356633313035303631383264393963306365323631356334
30653131666138646337383739383063323564343330366530656262353232393538663539366632
61393065643764386162623666333039646662346565636164613339666135323165363964393233
32336435376135656162623934323731316162613461396631343564363035396637366161346663
61383633626430333434623663633065393538333564643434373063326633383463303561353837
32366639353038366533393731343136353166366235306131656232343062663637373433383136
31336364656138303831333630653464323833393864643739393862373333363534353837633131
37313036313465663133633163633836666662353366633239393335353933626666386335356639
39356239636263616664303864393734666364316564323930623336313538336564356662633435
31333730336464303436333034306361303565396265393633646235323463623962316334333937
32323338633334623730393563383836653463633838656330643538356130343135663232653933
63353732316336343731333334336431656330316131333534373863333266306264373938303234
35626265313632313366363231386661316437353836363935313834313238653232343332666334
34326634323862366338616338323633393465623438366132326333613731616632306236613232
3331
