$ANSIBLE_VAULT;1.1;AES256
61373938386665636436643430343462393431376334393665633065343333303366643637396437
3135663736313062356431623534646536643932306563660a643166393330363537323664393662
31313336393163363037616432393164363037626135303565376135646362613033336233386462
3736356537663666360a393834393735633366383866646536303935666433653239666133353738
66623865323731666466663135323464663139646637303834396533343935633837373431636337
36383637623061376164333033363966653938616263373662643339383465313066366435373134
63663338643838333735633033623030643238386639636335356137396336393661333662636566
31303530336436623637643132396363643466323831376461613462656365373865653962316263
64623131323335646138333161363937396137366238643364383131366164643931386430313734
31373765363365666634376261393136316131313038636339373465663865336131323833383866
37386530633861323536353639636334306432376236616265313835633366303565303464396365
34666661643762333463646435663661666364376138383031613664616133373930623330613031
37353037333635666539373930633737336264373237613938303066386161666636613435636533
34643761336366326163616330343763343134376539386232373837353838656438346536393632
32643931623963613361653536616665313532323265646238666638643038326339626131623737
39346661386166333763656662303534626561393637643831326535383934316330326232656461
62366133393565356137666533313935383338323832626235636465343533653435313863326331
33376135626563363165643239636636323833386136356531636532346239323033666235613164
64376261616165636437636232663365373531636265353062643766666161643164393639303065
39323736613836343866383336663237313766643532306534366361353666623735353035643733
35346533623039376533353734333366643738356461626666396639323530386437323636626531
37343735343938353365656265373364373237323763633637363534346462343739386531333134
39323834666564663162323966323963663430303937363635623536373465333664656362666536
63613363386265663764666365393566396130343339303136356139366430623930386631383362
65316565393830353136323764613338333566353666353565323539336632366132396136643736
33633230316430343962613962623734613636623663363364343735326631323534303736643030
61613034633334663438613236323538636666323235346164303632366339653433613432653561
33303537613463376134373532633834313937663831653332336362646165633034346533356530
30356430393237653931393134623633633366636532383239666366653365666563373834653965
64366436656433633038313732326466643030613531303936383032623466363130613030386164
63666532326630663065353136663165373666323536633464623531333163623938363866383038
61373264336462323965316365343330313666633865323966393732636432333461386661653739
66313836626461353261633864386536633738636531333232386438626439636662363463613431
61373931353330613939623961346438333333636366623430393561623230393566396461353136
65343164306266633936646437346564373733633135353766326533313731653932353838626130
63383135323734613161386233633739393730303134363565343335316361636335663332353631
34663837626233336235346133303433303061626230326330323663323233323032316563613864
38346633333061383239623333313037353966636337646133333931346263663661306362626237
38383534353835373934313430666466623465353063386434393438636634393135646538623434
37626466313430623730353763666166646630346264313163636331363561313132643865656161
61356565653035643737623138373035363834336135373263323066316430626565366134386362
37313334363937643531343632303033313131333533336131366463363837353662353034356565
30653862613732316536313030633835633838636131393663643664646637303539616430616531
66663332353261373435346631393336613263393462636464336434623466366134326165373532
34303633326262346239313034363564316138626531643336643937323332303031306430393231
64306639316139643563356464363232323438626434306138383234386139376165316661363430
65633264616236646539643239393937633132343765373532386634633261616238383839663237
30646439643432343637393064663936623638386136623430366435306563313737656461666465
31626630613635613239313734646231613262316139353035643638626538616236623061656535
33663735343165323761613239323439326466333237623532636138396633313232343136313934
36313535343162626465343232616130356533666266613431383932346338323466623164333239
62383931343766623831306662336136343436643333346462343564363036303638646530646135
38653965393933613435356138326635643265383031323465356563663830633030663265383836
66613464323632626336316465363435643233313932663436613439356239373862333132346331
38663838333966663139366234636439373439623262633133396331346337643436656561306363
61346565356132346561373633633061623439353365366630353163643332313366346136366439
62613236373737613535336636356334666132666466306465343631393437313565363235303662
38653438383435333637313435393135666430313763663261363635306465366461646461633564
33396330633764646264313566376333363337633237313964666363383731663632366130333566
61356234306664633962393361646230636530643866346563613230303562303361646362383834
38323638396262383463326161326439666638343562396266383632313664633135333964396666
63393566393834326134313037646662306266303661383033663831313662616262303734356530
37383133386635666463363136383636346664623735326165623237666634636435386535346530
65643832656665303661313966396436333831613266383132343338363734373163323563316230
61326465633637636262336530303762386536373734666431373334343730356464663365346166
32643437356334623434373332613439653836643334383535646638653434346230653063313132
31353761656133306632633833643766303433373034646238656239353465323764323835663031
33643133396435613134386233623635343062326532306361383263333432326262363731646337
30613832663762323663623037356534653062643136626461313335373433636135623838393466
63636336636338383765353338666530633335356365386138383433363239306237613035363336
32366432343966366437323762386336316466643539313566613935373938333439363161643461
66396331356233313361383636656137396363363639373662303036343761383666346265343664
30376632346261373333303230393638663065663361376630333736616461613933376534363539
61366362323764303463316431343465393863633062393132383139376366363331316137623639
31343237613138383766663266366166656237613461303733613332303739356636623834663139
34626163393963303637393739313832316236383666633034613363346161323063353861643230
32383563356430353632613339323962623434323738353836353766333238353362626364646430
31633062343738633231353135653734336565613535346361643065373065396638346637383734
63646234313435373330326233623037343230613335623364396238656637396233643862653833
36633234373935316463623565343763323336313630353166376234373833633164613166663436
39336531346132613562353364353437343738303630336331333165383930353234393334376234
32663463653937333739336666613331343538653430356138316466643432323964613165366335
30303234326362323965326438623538363064333366353234306638343335613837613932663163
61393437346566616437663763643062653830316638626233666664363962366232303465383664
32633062353166343932396634653835646465343732643535643436663564333963333637383634
64323733366161633261663663346133363438623661333837333732373463383061376639333030
34383963323866646335663638366337653166653331363863343164633130643864386538336132
30316432393331653661343332323963353566323136326636653637383137656631643337616139
62363961333037653763383865653663393763373636633462376662373361346235613563356539
38323937656137313131626265393639386163636534623638323966376135336330326634616235
32646431353834613537636434656133306331656238613639323464653338623062313132336663
66633830326332366164336565626636373764393261656139633866666430363932666239646461
32623230616238336531363466353239356531306563346332343861313431613065346330393936
65343739316234343136663738323631316133383930303030303662353762613533356533353335
37336464636236656165333839376232633039396463636231313763613566396663313130633138
61376338646665353132663165653461623734353231376136396138356362626262666235363933
39336565626336373363623739313833623465666136663530363734666463336665303938393331
39363431333766323864663465363232656264333932316135656531323233633030663033623938
31393733633537653164613862383166666338353034303637306137386532376661376535303637
62363031653161316635396335656230363561313834333431333832616236646538653537656334
63346530626631626233613030653964653236643937376132303831356265383631383833363961
39623737373162316266333931336565366634393834653237323235336236613764333432386232
63373432626231616265373031346462356464363538323431343761636333616232653361656235
39623833363238323733656236653631336237353733346566313066353831623763306266656161
61363565653433666562626635636662343764376638306531396462303436386562646435386262
39666231323538363338323265313438656234343738666136666163656461623663316366616634
30366566653530366562626230633864643137306533613138393265356665623564636164313363
35396230393734383763393762383562313232613338626137323237663030336531333834376331
35396363373538306463393763326330653761643731303334303665373464653934336636386130
63333962326633396562323732633963373039656463633365633238623039633564303062626330
66333637346664353233396231383162313837366437316536646139623563383536343562353033
34636135356432306563333434393531383061333932666662626466653130366337336565363637
32363663343139636634333436653332653664306261383939306531666662346263623739363461
38343635626365653736373439313264326431656637316636353464326338373034323061313763
32383536303333626163353565653334316135626666353362376266303334663231326130656234
31653934356236323635373833326265346536393535653063353064353037653061376439623636
61323162313861666238613566373866616530306636396266643463373933633239346365653462
64653764376531376632663935633865376634373136666461363833623531333435363431326233
39373233633466383633303037663363316665623735336464346363383036316562303532613761
37353031313630323331623232326137373533313064643466396531626232323635346438633632
63666238623738346239336131356434346364633163633462316461343264653037316534623438
65663238343661643936666664383133336464303539303432653165343765333839333535343233
34373134356462636362616236343064656664316565326630333739363164663536623935363062
65376364323432326635646433343030346638333035656663323930353138343439396266613033
66303130363234393565393865323734656162623535323866623239373838613733373634333039
66343735356633616439353031303330356364656139613466386633393232616361653033366636
38306466616265653637316164633333383463333232393539373137626563363131376432366437
37393763623438343539313765363736316264616534373838663964646530653131393964396232
38646263666238346632663562346362343539333431633632656662326562343538623834663430
65623234353731323863303366363431393962666562366163616137376134613065323433616361
61646135306463613234383334313136353936663262346637636466383732353765376635373962
35343432313538353835306265346136353338376166643935356232363035656230613065666238
66623035346261613165316639333863633261306666636235643837353131663039376135616634
35343363613239663930613262343564356239336565663965653938336161313761646131376463
33326335383566396538373933623532653866656638373232323235303438316330633831653430
35316363313833303766643739363439363134313839616131303961653537333163616533313835
38663230396132653638356565656665666536343662663035653031636631376566303738343136
64633165363737633532313662643964353131626232346138316162316530656531323061633431
64396561333965373462363966323263653863643438633363666333666537666532343931343363
62616536303437633764383534363238623634373538333563616265646365623834616537336535
61356565626230643135643431303632633366316633313931623530373332386433326234636462
61663135316364333365613066343130636131366664393566383733356563386133363533636539
31363135323363383832346235313164326563336333616533373332316334613666316265653638
62613036323130663261356230313936336364343565343465616630323438386234356666646661
38303364313831653739346332363635623432326132643831636439333435373831356333653433
36643434383030636237333735663939376633623934373938363131353030633138636134376230
66376231326633626433306662363361313963653638646262626139353465636439613166633563
39303563626666333137626263363062653361613437626633316434393830396439333361623761
34616662663438326664353637376234346265313239313664353564346538313735346138336639
34366439623531346233343766393766646233376664646135643633656532633562633063343833
66356139336536636235353230386131326439623063386139663662383764616463643361366232
31353063346231343361623564336333313765646338636234373761353439393035303437346238
65343336626661343138623062653562643461363138343462633963386233326131363565353131
37373365363963316139626639343361316361363138356564373934653262626637316461376336
63313963613162643839663539636638313537356333656363333837646232336361383035333366
66373235313465656633653035383764323936653135373834373962333964376564636266346130
65633863343565663266333965633462353363633331626236653265666362323366646335333966
66633331313732643739333466623637656535663065393735343237633364663263313133363133
38623563613236663964386163663731353831373266353135626133313938336262643639383634
33373266646437643561636138396165353462393934623039333534326165663961353362363939
62363066386136326561313136666163333664316164656166666431306435633433653830333238
35626361303165633234633862343461326463343139346262653133643736313364303931386639
63336266623334636364386462663936393666336138383733336637653134633939356430303364
37323939373539346436646533343563333962613963323030643837366263393735333561373863
64663763356635623537393334336135613639376139303132373062353761306636643533333631
64333337306563396638343465353961616664366564323438643261393230363135323730636636
39313162303765643733323939663531306634623162346634383838313265336162373462383730
31633762356435616435343237363538313532633636626431393434386563313864343062373533
38303838346339343663333238656339383538313861306164636136306363666230383964313538
39353563306230623036346561666362373165356534663561373461353064333863313664313362
38633535323663313330373431623734623939363163386539646465323137366663396132393561
39656535386566383061666632646465613831353934333062616531376430326333613737363338
32313933663935653131663231333933393832333964613731303962346433386130643431643561
64313463663466336663623165396664336131343832636437316630306365386630356233623932
64356634343636636463343030393638393937643561363638343738303862643831343062396233
65363334306436353239633936663031663266633438313364363764333530326663346462333763
63373464653661636463636234666331343931363165656533373333613561623863646336373261
66336361653835376639323330313435643638633463623463343432646536383635313761323639
35383332353533616361303830346336313461346665383432313162396166353838386130646339
39623138646635336334353763346237623666323538656238373738393435663462356438313066
32653033383833336437366230643764396435323135376463653136393636303639313433386139
35386433623332623931336165666266653236376538623932636430613963643264393561313831
34313732346135346263633166333538313566626462323832323130343932363531393635633336
62366366393162393166363033353536366230343163303864333265383539356234303834396662
39363266616162636561306530633630383834313335656562356537333734343639373738306532
35303365313337303336353732376661346361636265353763323733313236363130633735616363
66326633376363373839633462333531396634373339376135323531396463623730366562303962
33303535373561613637613761313532323532376138626533333166306232393335656337616464
34663137653839333461613864343161663265653563643836383431643435326633316433313132
31396365373363346263316638356232336637663437386634653437613438316638653666333533
66666133363837373031646434303966303763306461316236363264383931386461363831643061
62643133343564346563623032646137346431303433646163613365306661663663376264383263
65663866336535363036363265613536363664323035326431313466386632653238383464393538
63653031633165616532353166333930656333666331313163613339323466346465633361643737
31623432386531393164306131363632626339633636383366323161653136323633313565326238
30303536393636633637633736366261653630376233386462336432316162303263306531393334
36323735646636323264326533363639623936663330353839356661393163656437323163353130
65316330346438313737623465343536633335333230333666616565613661336532306235386165
35663438373537616365663564356262616132343762623232383635353730633539653031653331
36663266393231373336386334623963363136333530386363623665373235303666646262393930
35623832363538623832636239303138613733323234326139663736613533323536613664383165
30383039313330663534303930656261323033343338366436396465616232636639343834303730
62376562316564653932633735386666313266303037306231333130373865646338636338613730
65653162383532306238356365613438343635356338646631636234363164373336363164653937
36393936643939643535306536356339313735626538613138373330613138613633396265303865
33343334653164646435643239663735646264356663303534613438643361346234613063373263
39653361383266636530643064643662376237656132666434303438386637396534333831366161
39626135366466353162396365366631633162393737366364383730353938636165646638633436
33323437313539616438393836613731666131646561313537653562666531303738623935336634
63396235303866303233346365393363616561363335663831383233356164613264373739636166
37366137346361623131653564623838363839616437343831656331613164303531333866396664
34393861643563663061643461623532323937633434393934663131666561313639326239616665
36636665363439663233386164333233363865353337633963353261366432626134306364353833
33666563323863666464653966613238373264346333623337643130313662613335623135343164
62653931646132366338333333396565353737633532353832323535646638313839616331376335
36653738656335383762383964363462353166363238363766636131376165666364643632656232
32376231346534313462313665643239393334316532373538663738613336366132393764663334
62663036373561343330653435616364353166303765373431393439373361663261633731343839
61616135366238333936323335383066353536323832383831353261373766613266656437623366
62363364633632616663643030373432393762363932643138653363396233303235643230373565
63643038313933396661303731376630353332323335623165393531623534333531386161633963
37306365336235313636346165383239613964663263323437383639303232326530346235383637
35323337313561616631636238323065366139303535663938333936626565633236393532646465
37323634303063643430653165653533663330356634663034363438303363386166313333613634
36613966373661356136326362613638323061616662663134333163313033333866313463656536
63316464666261646262333830336439616161616239626236643239613032386362383136386130
30366339363830363266653939366335376239303133666434363264353335323462343463343264
38663334363334633464643333323137666361656562666562316535316134633134626531363836
38303636376663366261623130353831633961303735646366353230363630656262626138363739
66373330363765303164396638646438326239343662636634353335313563316131643138613732
36643364393564613235336664333933363463396262313131323038323161343137376165393136
39393066313834373638363634396662313438643538653239336366353463376464306162323432
65353461336461313064303931326233616263653937323631333131393035316165653638356338
65326166373738643232643836303335373331393237316338333537316533636464303538643266
62323730646339316436653832373936613935646365336439316164373765393164616539333938
64626361323839616232393366383132643964353537323238643034656230346230303562303337
65623932303066666136633738333438643139383533353734333233323265363261346265373730
38623134643461386565373735346532386430663838363137383961656437346136373866333630
30306664373035373531616163313066313937343465326336393937356433313362626164646661
38373866393462623630316330346530356138393165653864363833303233663637316461306232
38626661323634633238623839616131316634333435333730313465656337333130623534386364
32346237656432313630353634643633633565396536346538653535616265306563353932626563
31313132343631363765636636633733633465643065613866333234643565633964666436666235
36393430643535366639333333366262313265346165613731666266666432363037653030623762
31353333383336396430303932353666636236353734323863383131356465663537666236306435
63346636613566613063633039386562323638653533393030306632393963383165323936326361
63666230323934363239663061313335376337363430663039343161646333633366343266353237
39623537656337366565613234396564653365616537626437663564663238656531616463633631
31396665373935303338643132643336393635313363323866356433333533303838336137396634
35666239303730633266613064613535353335343635323333303132646366343362303832343132
61666138353533376438653831343430343661656532613839626430396237383162613263306230
61386638326131653362386532316334343337303935653539376164356533303365343361653739
35333431313237373361343935313135653931366364613831366562376439393232316365386434
61353332626364623632373939393365326331613962353034613164656638666365353130356431
31613233393533343939616561643963653736313538663164303734346666316564343665616565
64383264353831393036313661343964393034356662336564633964643132363336323536643466
63326561393063336533303866386162303838353739323064643835306339396438616132303762
39646536356663623937633466303931326261636665346662633463366562306364393732373864
31613331633339376265636436653137383061653235616566643866346532613863356136376638
38393562636666643930363536653438313230353839373633613466616534353133336635396466
37356566346532386465656134353339303864393231336438653163346634336265353330333861
35346437396635616134346339343831393134373237343633623138636534353261383430653539
61666538623861376538346238363364633233383362653637333936656337353035666230323235
35643531643866633933663761646163663331656664646662313231313633313261356663323733
32383033363032333035356330666435326563303661366666643663666239363330613535303030
32633531623061313631396563623166383336653232616434393233613039313761306339353265
33656563653339633231326139353762303034303062386331343735313137643135373730623533
38333563613237623561636432646666333039323231643334636637333365323835616230643735
38363437316262663838613062663033613332656565353236343661313966613139383363663331
30643533613238333332396336626664303533666639316239333261643833353566303566653737
38613963383233656362633333653165653261616332316263356232646431636165613964643036
34333331373034646430373938333462383139343537376166613461343365306561326461323332
34346531643362383739303638326238326163366563376239306331333764623831396639383834
34393239626232653439383066613063613065323861636466313262343134646363613764383462
62306563666234326439356263363864653837383232653464316561396164363035313065626165
63613961643530333033666562333230643564303934653539343163363761643036393663623961
63623731326636373262626431616266346632376461626161306235393365326439656439376336
65383236383035613362313837663533386261386165326131313335646530353533323733386239
31333639666338333564633963363662363564626338313638343835303732383865373830326663
35383232636339316438343865336561623235356232663634353032356433623864303464396133
66643332366530306561663430323661616538336161636363343732666666333339346337653832
64353936323834376139333838393735626166623164323263333065343261343537366131633466
36646433616365396633316334313666373337393264303662333836366164333061386362343234
35383839343137393165383738363663313133653531643965626137363566613365363239316237
36366532333732313664373762303633316338376131626565646562393139626134643561613464
39653235303466656166653130396466323633613461373439383734346635313233613464306664
61373238643034396661633162646437323961343564663636303736393235353964626439303438
30613163636161336166623631303334356632313862393335623066643838336535613631326536
62626462366530303163653734396564656130663764326465646334666462333162386135396339
63366364313031363566363661393061396564373439303634363261316366316531336337653662
65313636343831353930396133323633653965393532303531316530323936353636353130373065
62666661326233313730663335363937613235376163656665383434656164373338663834363636
65643865353134303139643165306564383232303934356261383838323966646339626337656134
33303037663164363662623133396263333763326663353831643765666436366433366439306565
35303233386535343532383331336336663333343332313661633464663466373433396461313961
35336564623935363561653437643932626166303134393934663438653366386335613535656238
34666261643131343730353839663061376131343739316438353961643264363962376165383730
64303263306163353832636434663761323839656432303237643038376331333766666639613932
38623365666433336331663264643731613139316664323131643336643766303331393236306266
63623731643334323261373239616565643564633266613937653332393733613834366432383339
37313438663833356161656266383538623564326338646465353534623766613264663465303534
35323866656134666139306137363731646130626363383237623734356138366437323436613134
62623330376366316430646330356364323935613331373038323930323033333461623739303962
33333632643932376134343466373566376662663161396233346635363237333466346238306630
30636538666438323364373731343839616433663335306236333665633763666231653831643932
61373833376632633162383837343130643664646263316363666531613332393466393737663737
62393163303438363966656664626361373631373135656535653031653436663337636636333031
31323065663933636132323634343531383864643534336239656230333234613231336634633239
36303039653361646331386137633464303330353964396566653866626265393936396263633365
64396262623334313938323537373438613465333630323431633132346334323431653139373561
63306136643662646437383830616238643831373964366135643462303030643566666165376638
64326530306133636434663733316266353637383032643135653031663234336264663238313933
6531
