$ANSIBLE_VAULT;1.1;AES256
39313438306330343461343766333363623262363831646165383039633334633566656439396331
6565343531616261636638333263373739373832616136650a386137323236383266376330373238
33316662666231626436626339306332623839376466323435646666333962633332363835636339
6666643565313433640a333132326530623932353163663834613534633835386230353266633039
65636131363462333139313933633136323536636166636631396361356535666566656139343734
33636130663734393030646233383361656337323033353065343033633730326339303734653464
61623666313832396165313634356337393437643332346464323339306236303539666332663431
62303564653361656230343066313935333939353437363863653433333937333032656534396265
39396339643130613237666362343336366630353331323532346666343734313562396266353034
62613232373134653632366539373561323033666238316231316536656435313937313639353237
66623266373865393332393766386335376630373063396631363761623633633565656239643864
38316239366437336263613238393931363365323132346532383365663161633432633664613031
36376633653666313865343733643232353434633365366635356466643137333630343639373164
38636237616437383732666331633832343763316162616565656237306431303436636631353532
63353833376436366533653638346561313932333061313938663165326661646335353633386438
38313666333161343235323762313534333161323439313939353033636533646463633035666534
64666362646563353037353932653039613837346630636435636366323831636663633539346664
39353164656465333336343730343935643534383130346364653264613839666365373762323633
36376437303665613365633433356665393738346431663066306533323231363534353661323232
36653432626331626636393031633237663332316139623832626462633063646338383137633931
64636637383536383833366166363065363664393661383162346632623033326562333137646431
33316536626661623963303764373133663734363733393333653666393663623034643466623466
61653834643231306135626431363965316463343235613963633964633766326130323031633866
65343434343130383861356634633837386132636566393630636437326362346639626663643335
39346261643337353464653263353836356163646365383663353837616532613361623435363264
30653965393864323030353366646139363233613161613266626235306635386539363862636335
64363466323331356138663062663865616265346439623862393537643130636266626131386534
62643536366430386130396331346663323738333738313336333134326662363330343761343933
35386532656635316261313335393539616164336666373636396162396531656161633638393630
30656566616638613437336162396230643137313930373436396336383664656365613537653737
37633330353233613132356338663134383464366165623435646261613433633839306533353132
62343062653037303137303430366366313235646138616634643130613336363635646565353133
63623039366666666431316533383332393430353830616238313166396238383864346435613730
38656331613631616331306666656637633130623865343832373133616232653463313837323865
66663433376265383937656539633533333835336533356436613631653438666430386362323434
61313839663839653665356665366561646434383231303030346564353639386339363738363134
66633637333637336537396361356435303130383931643939313166313239646661666233633136
32376231346330306433303831623831633466666334393864666239373366303063633961333334
63323766393037343765656235316539353361326438633263396233333533323864356561393033
30336661633030633266313038616631623236366536333039633130646138313636613335383430
62393534643634666165313931333864653134613461656434616537363231646532656233626133
63353162663132316263363031613130353933633463626237363665386266623364363735363565
37333534326364636333396464373530613665306566323163656433313137373137303661616335
62393734636134383263393865623838353764373933613331333961346338343766636238323164
34383833383533326333393563653538636133386266633536656463646664393932316462333330
30613739373334383165666338383865626633643334386661303735313664353738623166363766
39323635326230366363333136616163373538623434373039313238646239313063306439633236
35313238643831663162646662656637373861323462303832663964303932656564316661633266
32343234333664306538653239353735353230316135356232306537303963626634333765643130
61326263373334386565343534393334613033663232616338306365373262646365396434303639
64326363396539616137306333623136663331633830323065303935363063636638396636663339
39316665666161333131656338643763613466346333383932303964663733653839323233613134
30653435356439633330346564613036626133326430666339373534346464613732383866383336
38313438353837373934626637356230333839643230663336646635373433343761383636316665
34613535623865636461376130366463306561313662383763333932623262393830353330663761
39316164323563323363653363656138333431386166653662643439396136396130343934306362
36636134386666303234626634333733316531323836616361363939336337616537633962326535
35353133373366353264386563343730333665303862383665393736623638663234353239663139
30306538353930363564383765613265623230333539323236623838626466623265383331353732
38376438386235326136363333396231323433396635653965326465346530646665343534353030
34386536393561636434396466626636656664623735653261666430643732653964353439643838
36653635613766353531363564393939646566366639363031343461633534393235326363633261
30643833343030346639366531616434396339316331343664306533386565306635313834353265
65346265656330646133313932313261613963323964623437363537613636633432366663363935
64333637643739383230623136613261333935363635316439313966303431363262396639393463
62323134356233396461303635343632326462326263616564653237303434653635353861396234
34353139633263333930363635363537316564633966656532646466383830636631333437346337
31346532663163343463626434323966303633303839383233353965326630383737613066663461
37326561353937626531376134323733323163346132323338656637363538346638666666666435
38623064323466353839643139363830663865316335353463316133386565313339326330353738
62663037393666646562303933363763613561333965346565316134373338383062623336653933
34303733613733613634386436623338396537636565633330333639346231373462646461633364
30643738316133336233623537353834373537333037663931323161353366396237313436383262
31656533323966613834653237346136616338663562636362633435306631666661386638333966
31373561343261663530336336323732383932363337323434646566663066626434333733323935
35656166636661393463373631376565656363356438643435646330663833633663303334373339
37613034356166643161643731303633396164396535383466623365646135663532623536616532
37336139333965303064333830303064656565343561363935613431656435336537323738393630
33623762626463316566393861336661646661303261373839393036663834323932343832313062
35396239663330636531356461343063373235303231393731613265343234316161356638306563
38646632613661613834616337353935363432663330363161376465306635633964356631386532
31383838313237306535633465633039646561366235316132636138313235663932306435646432
37666235643364363864356263366261663664343335623161336262313032393736626530386264
61643737643966343531383264623162643730366561333265353739623632643634316665336430
61613264353361663165303136333462613963386261313036636335633666343962383530376236
63383237663236306665346334643933656635643664373530373738396561356638336430373565
65313765613261383463366339303466316232306463336337393432373739623830643031616137
31366638646661316232653539356534653237366632643031663037383739313736336337653330
37656532393538376632316335306237626464316630396139656662343933306437326634383661
32363865343731373236636664386366376331396335313235363738326162326261303731333762
37373865636639343132313932383332323232613632353733666338613837306237336664623362
66326131363939333165656564323137636136356534396662353436613066306266313932613165
64356534356461376139303261626231366436653633363835323862653735356564616365306137
66396563313939386562326261353236626562316163303065633061343863613139393330396264
35383438643461653265346336643432643736656534346364303938613463646532356239656237
63663961633734613934306431373633633562356434336238313566653461663537633165363639
37626462383439366263386639313961313963343932383237663230613565656130393466626534
63373735663461333538353564653836636565636461313566306165636531326564623334326565
36623737353061646633376464393931313633343262336536623162313763646635613331343366
37633061333831323763333836363361626534313866376436313332303338373630346232356664
66343634373035623730323637326636343833666335323630326565326262343262373261333561
36633164626665393062653335356636663361666563393132383034636439323063303037616238
62303332353464666264363562386237366265613031646266643765303935666233633464356336
34336564366235356435326364333036326235323232623462623135303032623265653664303561
63333764353561623465313262383133393132323563663930653632383761636161366466396334
39616437636138353033653231303531323232663838373866303535306362353136306664323335
64666436626235343837626534633633393835386636356661356534316636636265393130333931
31663036303362616231363636396234346564613935633531346133393962643063333031356661
33353338353165343466623337376364353235356333373634306162393233636335643764376131
34636366323537636135333361626535613334376134353036666239353738323136663366326463
66633135356439356138316265626435616564623738356236373237336334646235396631656437
30633939303534633364643962356235633834613934306337323462646362363537313564636166
66646635353830343038383436653834613830383233653632346438663036323264633261366661
30343139646233336434373138656632663164386534653763613239633733313862373664383333
35323835326163643434376133333234343836623334653736646461343536363631663137303561
65333134396166633161316462613763376432643464656162343631363764633235646532323232
62636634643338663633643832303237613737313535643562353834356464656161303762653165
36363162313035393264633463373430656464646436396232663939373934366630376335623561
33633634363265323563383834316131643361636430373861303136343361613938333366343464
32383964396563646238393434306535383063316664653330373561363931653434353935373838
66383565346537303164303462383962396332356461636530396433363863663039343832346633
38346633316630323233306264303161383836363365393763353233373936353232373635623037
31646437613138353133646639376631636662383733313230373837656163393765666238633130
39353735323664666566336138616239383533383865353134653834613132356365626363393261
37623661646236363764623536663363303238323730323864323438386366316331623764663263
36363239343065396463303364613933323530663966666638353136303335656161356132333938
37623661666532666439373565353766303436323363616539663162323336663937306637366565
62366439323839396630383665636133343063376136666536383735343332633436663365613635
34323166313731633536636534343630333830313533636437303966356439396261376139626333
64306132636464363362363339623332343332323831323266386539316466336631636533366665
65343430666635643130363965313166363132613139316133343563393839666561646233633861
32306439623066613534343236386666663766653430636437376565336537353133373131343266
31343536643935653935383739333534396533353563303539343539613636373032376564643239
62353562623132343836383132396133336465643336303035313332316233613361363534626464
32643866373837626462383464306535616238326632366239633437323962633938376630333833
38656336613531323734333932356437626430383566356564356361383931643533643465366338
66373334366165353036366530323033633466363063356439353237383235313564626663613539
35393938316632303637383032343731363238323537663364663062666538393837356439613837
33666235396137386264366339396530333065366336626261653830306635626131386563393431
61326263666237383439393332326362386331613531303736346430333464383139323238626261
38626533383632613139303165666364643930303362326563326365383264663562666139653834
30626136356264393361376533646631336530363135376464343333323136663564393036366636
38303435343134633236383736626165623437353538373436393134336533343838616637636461
36643130636661346563653766386133313862373338313635333139323032373366343735656439
31626630396138636634303062613537633837626561363764366565323530343734376666323930
66373961633062306666333765656232626238646265653732303732633430616161353232663736
35643764336630323033376139393431343063333232333564353533656334346636643937653065
35383439313962616337613065656436353966643434626263653165353865386233343163343338
63316263653963303233383731333636393537363238653430393734313531623031366430373766
30643037626132633634633461303035636361393062623238646235393338613238613130343039
34373933643730383166613233353135376231353232333036303065336536353132353763613135
35653465323766316131343563366137373762643731633164643463616164346365376434373630
30666165393330373365396435356662656465616362666233393635373463626132373561656532
34316161353435363633626237656566396364323839323231323465653639376166326633616163
66656565376438623264333737303038393232373932346164353237643736386662633563306465
61343230353039356566646634363161393232636536303664616661303634636430643630376338
34623461366133636534623037663963386162396330626362666537313037303331626662653863
61626634323132383762393031333139303530613730323064376238323137633864663731396263
66633162333439333736623937663931663064383033633062666333643661343466396562343733
38323832356461393137656532313032336564653364323831616231386365636562303538333834
39393639326337363263326639663065323834343237646131656362316164343265356562616438
34343536366131396631306265303931373936633539666663646633626432316162376361623131
66653835383439333238643061373463326232653436653132636637333236373435316230383630
62323133646430633230383161343234623937656133623864623231373765353033363563316531
38323038653839306666346236373431303563323464303861663430343061323937643261316665
66646533323234393639346132383764663736343664383336393030633531393531333761623066
62336366383433323737663334636231656363306666616632376664643864666633303364383461
62376132386236343461313834636131616338623534633431333933623134663334623536373564
64326431386236363262313137306633653632323138353062313562393439303166623965653534
36313538373263643531386637336639316365333766646638363338326539383236343765616366
30653632363833656431623935653862373836366232316334393230396536376462326538626535
39653864633230323265313939623637326533663433303736376561356637666631613661343130
33323039653830373961306332373631303461303132623532313261323863616564303165306330
65316538386237663535656161323836353137626533393766393735643364383262646132623935
32636233343965323234373765663139343137336630636438343038303737613936396535303566
32613166313231306431303739613334393937366637343332653863336363396136373230653365
32613032623766313238613363353734613165333232313030643338623061323933363537303634
32316333333362643530386639336661363661623964316332353964303537303166306432316433
63313137383835333064653535363032616630623133666139313938663233656437303038663833
36376364383336336562343730363035613265326533633761353732386364323561306666623930
30333663343832366163666438346330323732323431353936376261313633343164646533323530
36343438353438333534333534653737666139626631303336633664643565646635376338366139
64333366366436323832356635366537646263333164663338366564623263363532643637353064
33646663656532333330663133646366333734336665643133306366656235323735376263666136
61333438373139353033646132633466343365643364373239636534303230653934336338376261
62616565366461633134613430313630633961626438373137353839323131633162373863666236
62656634623037393364646633666239613461366265656533373838343732336361663366333162
36633236663337323365376238333666396465366333336330373937343339373262613662336534
39376539633138623061613838323037343762386639333832366263633563656462363735366231
34373637383434646436636136666365623363386161373835326638303237306432373464353930
64636534633033306465313433343537623034663336366133373937396564623733633537346533
65393233316337616230613531613137313434633431313530303739346437653065656331613333
38326536316236636238656633646263363031356437316539646463653838356362666461313234
37333533333063356232643138373538623837386166303266386131633961363530313631613035
66636464663439373431303966356663316337363564376261656262356130373364313336626361
64373464383163356438353434626639383933356530316133303665666665386566303766396565
66396639653166336330663063316565346434376538366633333030396364396230393830366134
63383466383431336236363562333336663833303239376439366537323463656466373166373632
32306263363035326438356635366363376439353830313137353563336133346336646237303336
65336639613364333635613761383462383334303463633935373764616630623865663339333338
35356532623264663661373565623864663930303230313562303936333931626462366461643038
61303239336438626134336636626165376539363834353836306361633264363961643664656666
36373961643766333836303862383937343564356135326637343536383365616337373136356636
64323038383566356164353666386630346261633036353439663133373565633230353335343363
38613663653135333738306637616431653939323531643062626664653539393736626238353031
66363330643866656139646639633066343264616639653138323231356661653534353937656537
38393032653132643133383365303033366636656233626133383131343732313363343462643334
30646536316333353833336130326231376237323637326332613534613032633832386630663932
66653432623432653735613164663936666164336539663563633363353234396664666230313033
38643036666366383662356432366436313431363236316563313130393365393664303763383162
64323430313638303038626565346632346262353963353039656137316434373931626235303130
32386636313539393033656363343237336662333731313639613831356138366233316562386634
36343733383630396133636633636135633036636166613637373463353635323964656662643066
63623135666266303366396364666330396461333863616331623531646638336633383132386532
65326533386662316339316138656562643137386531333830636662376237343263333139333264
34623661616463643137336561383462623133636137343533626262383236646562623836373635
39633466343465663963633561313438623335306666343031323735373134656439326534653435
66356132336236326138636661633436363535393038666162303366336235343232343332333464
33316535393630306664303234393037306164396538643266336335663236313665356130313037
35353363313135336434383930633238303663643136353531613238363538663362346232613631
36303237346432386636346633353462396530626366616131316631353939616535636461333561
66323362626264663763386362353062636137386238376335643064306432363563326535393364
65323332353935653533316363306266366631623663393530623130383133626238643261623832
35336631353632343266396234643235636134653464303861353461363132346633323034346339
61393930376636653536396536383165373839653562396239656666366331653930306430393961
30613663373535373735636631633837623734353165353335663233303532646364653866376330
64383834646233353439383463663838313839653236363634653234333234636432353065663430
37633561306331653766313331616539303064306435613731636536666138626633613830623234
31663736366265353661383638613134666465323730653966393235343435326665646265373739
31653830316564663739623533363030613039356261356430316630333866323933326334376633
64396165663637636364636439346234643838613534663961366663646336656338326161333866
64303437306335303338363064653530663663323763346332623563363333626662336139363663
63396637353433663332326566316264633330386165333464383032333739303837626364346238
64633430393864653430333239326264386366353466616461613035663230356232613462383536
64666531393136633131646464323132323363396233396233353464333539323964333135376165
38366564633762333133633632653961343239356130613530376135636461386166326537393865
34353966636432353034666232343832643135336130373638663134653366653536346462663335
61373036383736656262353266313937303063326533616364633533333766323034626464313131
38613266333339323334356663396436623166623961366362653962653762656338346433626335
35366263353532666665323064623230333039306365353536306630343530613039333934356166
30333131363434636664356333363037626562653061373461366162356634653130626262356231
39636165353635633065363962393966363935643733336235316333666563323930626135323164
66623336663030633062323065656465383433643337353961653633306531333434383039613035
32333033303562306134383738366639343338343564356436393732303539383662303561623535
39663463333634303661633962326437313136323666383238666464336437313532386566303038
66663732666334346132663361303866663237326539633436363132656130636335643938613366
37623261383333623730396334656536336436656664396639613633323164376335663434333963
34303439336564626337396161363462386132336531663335346366663835343530306438313562
35633930323766613930626134316133366530336565613663633662346436643365643239386233
31373138386366663736623336363765396266663234323561353066333939363532343662316138
63663438383135313239643733343334643633343966343638613935653266356634626335346134
32373833626263313630336131333864653737623134656461343061363165393064613463623365
30336632363263633939323366656531633665333531643535336666303265396361383666663237
35363965323532656439623738376135616438613836666338636164323765303264653630366435
66623362303231353965336532613437303261366336323830613065396661383437353666356139
63316261633861663363653131306536396462653663363132333437323337636366623236623836
35633436656230636338393961646330346431383566623161333031366265303034373632363464
62343739323933313631333937336336653430323337333737386366623431356239353832653263
39333739323261613834623266373930313765613936336439363333363139343739643865623564
30356166326433333462393862343662383534623861373663666534656134376332653137326464
63353136393264376361666439363566343033653433623866323434616630336435383666353664
64653632386639343061333137373265626535396239646537376461613630303839366331356338
38343636303538346565306632346139306435333330633734313839633933376364613538633737
36326634633630313833633935653765396630323665333132343865323937346462366631306131
61356261323137353836653832656530626436623535626538323164643664336138646333393765
35636232653834656138373133633230366431353365386663623064663731326437363431373939
31636136623433313131366139386465663832396439346534396539616666373032383839356336
66373862376139616231303535353232373562663366636238376662666263613230383535333133
32626435613334646538323639633032366234306339313766316537666633643738666533653664
61383565363434653637663862373836346131376535613338323333373935383734323636653936
36313630633833356263363931323233343063386434373937636435626536663436373836633062
32353464336334396639623762633362386234643466633164666164643638333733613535313630
33303765363838643930623834363036613330313764616136343630373864623634373261316439
39633364306537663334363862356633366531393435623165306630646633363263383364613130
34313365333236653336313032626464633061376336343232376437373764636264346339363165
30343036326266326466336331623764356564623335636537303638363035383566386233653535
63333938373464393736663966633139383666336531333138333334383334643734366430303133
65323833323661313431303037323539393636656264383539613234383433346261373365663236
37323366366438316262663935313336613732653939653932633734366436356431376263666434
34613565663130376330613137663265653963616532386162356439303733326438613465333963
37623764336164633731613963303733356366306539396531393961386338376131343531323835
64316631383163366631313934383739643137613930386237626539626632666537333766633638
63653561396537633864373863323034373563323234623436323764323534333461346335393966
36653665366637646435366265313439326130373832383462383863643762303935653638343030
39343738383661373132356362303361623333386639363433633239653730373036653162366665
31656235323037626464316231326330333161643933616135666233363933353137336633313065
36353438353862323736633834393561363564363161666636313938656433663537336466323238
64616139646135386234356234326163663434363265663864656339663737313433656163333432
31396137346637613466636662333435313966353734663034346537386230663438636336313334
31383864323635356262616130373062386333383133623861616431376237373762363031383838
62333836396536633263306133663539613931313839613832396435623563383233643263333030
65643636313865623138633664303730656664396663643430323561366232623535626563363063
62393966653233363439363333366264653831303433643334646238626637303364313766626465
35376632333364383436336361616638663136643335343763326233623230613932303765366462
37333561663835643236653936636434356538353062626630623666323461346439343231383964
61313838353264383738666639373361383631623536626130303963626632396537666462393339
64353534306635353966303265376565333066666366653962623634313732356663663539636666
39353437663530343233313164326637376330623038343435653461613730663430336132323130
32356431666136333664633063616334316134653162363261666631616163303863346638663261
34666262386462366633656261646531313835626438393436626132643466303765373130376337
65386562306136336266376238643461633231346432313232386637333737363264653731306161
33666337373166396138333035366264656233393966323233366464303961363762646334356636
33643461643733653364373334316462663630396462626332346533356664313539653330356238
64663035326461363663363338636136336431313536303038383762636435356133303663643465
39383932356230336237623134383666623533386339346536346435633730373539303262313437
39383363376332643162666361303533373764666534616364323931323038323234636464643536
30613564333037613935343036613865393434386566633465616164323763366564363635393933
38353562346163383934626537616134373432303133656130306363633865313031656436616430
32626333646262373563313938633437653434356662333233613832326333616562653632323863
36363239333539373962626434376564653036653938363139386163663031383631633030653431
33366330336531663533653635376436633864363430616134623731613334633833353339656361
61313839363466353931333237383438343565643830363564343834633637623434633565313939
64373663633164383037316264316266333939336565646662623037343764656334313364373439
37316237666233363061626431313962333165366530373866366436383333323431333831666634
33333335313535336236313864656538613431613138376630636162393936363136326138396234
62646266616264656163653932633535336662666138626536383535383832343930336635613336
64373163343836323731376530636366383934343634353461653862303631346139633439353134
32393661316461313964386137376639356162353964306430353337316530346461353630383666
64333663353535623132333633656566383866663930313230623236363733396362313163356636
36373438616434313333
