$ANSIBLE_VAULT;1.1;AES256
32613535356461323566323864306363393333393663646134626138666364316362326539666163
6361396537326166316263646561616664343830376335310a633335653835646264636663376664
33373764666664663266646330336534313736653532623966373834653434643437303564376564
3830646433353033640a343432633432383932306339643435643766333366316339343835343236
34336561616639636231383138316639316437343430373461393462663830393834356637363362
31376264376634373135656235386636653530373265303063666534613436656162623538613533
31316632323431623538393733366463383665613865343937663535353034376433356539303137
64376530313564363861613364633532633263623562323461323431346434653933343661373031
66313632346336633261653031373666626166313863366639393562346639313163353131343763
37376664663764306433363237663537373732663832616332623131343139373839646535376430
37643061633837633036313033653232303832383761613562346565663631373933643564313939
36323438323934336130343666326232336138316336323431343961663137626661346264313063
61396661323634323833376163356337383739646534366664656461313163373833633565623565
32633236363436356463323264313637653033343062623865643061303537636138616636653431
65326161613937363232656165353831643237363132326237323336613464393864336361336336
64373662666131303430623363666261333361633433386637646331636439343437613334646238
33636263373531316635393038363030663063613631316366393935343736643537653330396237
38626266336166613138303664313730343938383530396535646133396336383562356330653462
33316238396631646265396366383936653138626434333932333437316130666334656139386330
34666231326365393039373538653062656433613662393562336561323635326633316665303734
31663362323162636462623835306466343434373333336439313830316538313735333761366333
32656664346637653064333533306665343632346262623030356263376637653933343133343832
34333664306134356435336164646261353635373137646133333834323432343138306538613539
62343866373962626131376434373162326636626433633335363435636261323966316261306533
31353437303030633531633539306134666231633563306631366664643861356366313866343561
66313933306131656234613739353535666362346133363435356664613037306365613631393933
61356633396230323461386564653537636531626230613936623337616566623037366438303865
38383134376563303034366465366164376664656634373261323165333562643262623265643031
37323935346633663935373935663361333635346635376236356539396131666333313538633833
31643437663462346166623066303535643937353361313832643630323133313565343162326631
35393931373733653462353064656636346132306538663733396330336536616434643930336137
34616630653465663963373638336433333534656631373731636166373537363632623263333163
31663535323330393839613330353065353966376266356238643466383334653534356166333031
65316131393031306437653136653737396331306537633363376564386662316163346235336564
34626465616436373261636537313536333464383533646435316338396261353934333131383065
32643130613664336535383130313364396635346132353733333138386463383136643035306361
34623165386235376264326531613861346536303138666536346535646161636163366465373064
32323931376663343661353831393463376436623639666361356464376236373633383466373135
65313865383939393461353662373538343138633064323631613935346434343933316137353635
39386463333736643637636234346631653730663836626439346365663630393365356533326636
30646364373065643636393134386433303862626263373936313035303532323233396162633766
35653332656365343339373836376133316435646166323363343839396638326336366634613162
66393031303263366138313463636132363439663162613465363562383462346364626530343566
39343562313663343463363661643830396135343136376531373931666261393961323164396630
30663230393165313064336261303530373932633630333163643762356534373662313531653237
38636332646436336262663462663161623164313564353838363037386233663837326138333564
35313238326335626263636330363133323333643338643930623138353832316637356638323165
38383032373163386139646334376638396264373139373336356634386237373661373561376433
35376635313539393438353263396432323938636236313763636363613733393638383139366532
63643734633135653964663730306663656565633865393533313630376662626638356136306166
38323437343461653631333065313863373731363466343639333933373263333335656364363635
33666665646638353864656466313430366366316634613136656364396136646232356436626263
30366362386631333734636332376138396537663562653732623735336665646464306164323563
31356335356466633232303233323464616633316135366630626537663666333232646135663561
65376662633434643431393233353034363662363537366261353531646262383132396162623966
39653932346535393638613664623666656463653831356661386634636532623062343931666432
39373837396435383039323833643364323239373462386235613962666435626135303465396431
61383265643965643362366330316131613635386230643333393661383333363034626264613433
31306662623631643334366137643061646633613936303132353437646561343631323036636635
61303930653430316233636563313635373664373062663634626364373534363833626465333762
33363337343430386135666564343965633232636132383066653739336138666662353937353663
65613935326461396136313362643039383832616333623164393431313366393463303764353461
36623034643035323665323161303938663537323633613231333363303636666636313765613739
34383266656138396237313063323834653239323635393965323466353766303533326337343134
61636564396535653231393139663732396162356138613937326437666162626334653835353666
64326261343763336233613935316634616237663965616239323433373265643164396461653765
33363830623532346337643161373731396338323837326636326132326663386465656164643535
62613264373334626362663431613537636635663033636134653233363431663234346563356162
64623130356131633830363235393535386332666639646264653863373264613539636139323366
33313461343863386666636239373737363964306533623263373261316662373030623233356566
64663639356430663639623861656430373436613435373733323537343761623164323632363031
31613735343038636437346237346539666637633532336665333035326439386236343833396365
61323965663237313438613166313137336565616166626536316466636437333331356238626137
62393937663962363431343934386165346630316566616464613436373439336563356163376464
30623033653133653538623637613762323463333831363163663539393263306537323537386265
39353636616134336562366462313938643165366338346638633463346232636335303764356265
32626337376266343539326238373261386338356461623365383764346461336533653739333063
33313763306264316665623038623036373930303339663439636134653933363665376237663239
38333636623835343663333935383432636330643539663534326432623238363031646563646536
36666163343566616234353863343838626236633335646533383837663962356339396137623365
38373261366538393462393765303663653736373738346333366530373138343036643838383832
33646365666538376236343266343438346564353630393830643930323931373736656332343335
36633630316265323662623332303933656236323335393034333763393032353662313161313637
61333861346234633931386435373637633430303537653935646337653539656163636633313164
65616232393236323634623339666630386330646164363734633566316462323034376435326533
64366132633161623737616333373438366363326235326561613261383732366264666365376330
33613433613438623861396636353738656234383837383931386165333237633031616635326536
36303562353461653436353163333261623762326131636538366531336536353231633739353965
34623832643863353565306630326135616430643365376538323032656363653664313030333739
37393131313136643966636563316433323135313031313062353164666331313839386138343937
36623335373733336165393632363765333738346636353930363163336165376131656332666637
30303833653333376664316361313766626330383737383566613136663466653931303830366535
64326261326533333465663763663166393130616265313532356431323862316132393939386439
31666162656333376431623162653637643764343863636438333738636430626138353934303633
34313964656238636131323661633732316437313430663663383562653331393632323832666531
63376563633439356165333735316233653338666331633033616230326566303865613961343661
37636634306136623535336535346562643034623539326563366566323061316237623238396235
32316634653033336434326330383361613335303134373439653137326434653563386564386339
33356339336365626634666163356536613430393635333236316133366332373265363062656432
33626439633331393664313335336362343966396339616232376535323833353238633561336539
33333161623835316661393632343134663036383534663164353466643865376438336336613336
33666138646330396539633632663034303932666436376463643437323465363035663863303136
39363761336533326639383435656361643565343665383633666436366563383337623462636336
32663966366339633034373030336533306537323738396336356665373037393435373336313166
61363662386164306336363437653431396134313163623164666438373137666663393437303637
65393065653034623163343964336532336265356233383237363036376237313566663134313036
62653032303534623166626664373532663761316530666364663763326264616263306434363064
30396634323064303731623863313333303437386130393932373536323663663037633030616563
30323138373031356361323664343932353864396664386637383238326138613539366461396163
37356564386539623733386137386661626331346231363865653437633333646366386163393230
63653035353265386630656330313431373064316133653934373837663764626264643334633734
39636637383461316364396339396466643131353664343764333638343535366466303733303238
39356334626533393339656363343539353762383364343033663565353436393662646465663566
31323835313566316233383962643861613464643639306333646165626435363630383466316536
38633831646231663437396438646466633463303436386636343834613832653034323864363339
30366334323431623461356365353933386239653830643934336531396138623638656262666639
31636139646462653636323239333863383961306163643331393263636561306163376539653039
37656336343062346664306137623131393264636636396330303434613436333338663965346562
31633966626533613230613239336339656637366537626363323330363463313263333330656462
38663330656339633532313466366139643734646461386639323633393965373732613436393434
61393031373864373032366164386136396161653930616366343334396231346663323032326161
36373738393863666339336463643035663939363035633732356663353963363633656561366165
30623738346464356637663730343130626465333964643230623831376438336233346630346664
66393864663465393135373266383330366337353165356565316262666464653031346662363838
34653139663237356130643162333737393465313665643232363237663335613061313932303064
37373061363736396162303734616230313937366637356234333764326264616437373965356636
34633235626362323066636232373037643835336234383566656435393165313366313963623761
35343064353962346533633463313431343765396163323864363036663861363837366635316336
34346131626138383836656365636230346464336632303961363930383038396239343636393339
38623933353461663962663131383237643665303465386635653330363833326431623730376265
66326436616331633264386137656333333065383934626333373031613333356663333939363262
62663062663661353438386338303332373766623036626261323962626334343164396131633332
35333730636666373030323637383731663732383736313662313666336237376665656539613561
31633262333764313834333433633462646565663261643766613732653063303539653131313233
61343136666466303537316562336136663831333732306566336163323735656239663736393939
61353965306437323932643134306165313732346230633038633266623434386466613932313438
34613263653964656635396264393939396365353032383566376335653832363464623462393939
32626562623630306232396138393164653539353864353439346231393134643735376661636262
37363630656366343436353739656631643963616566356563343032373034363732643936633338
39336366396236316365643433353164353662373832623230373131626165663262383734623735
33636663313432656432363739393365393532636331646564393631646230633638346138326632
33326265633761666265663231623239333766336634303135303663333039383539656338636265
65303432623366356131363835646532383131663638323532333331363431346438306534393937
37616333613537303966613139363733626431663931323639663331333835303030333531303864
64326463646362666561316662353835633635356531343532343162376135343965313766316265
66656632633730636638666361616533393236313934393931333330386539336631613462663131
65626537313238636431666634343339626564326235626264643864613463303963643939646237
34656637326536373836383866633533333137323638663535666563303437623462623764633832
36383663373536323233623132306364613233306638646563666436336436623065373434663933
30366664373562316665653038623538613931333931383831363032343737646232303763346164
32623866613064303432623062373264636535306131353734653361376633656331333437613766
39643961303633376435356636306234376264343730626330633263326331356531386430623336
35643539613161306665663434303431663632393335643335633862386335663761616131616561
65646566636531326232333835663032656632323831343763333864373137363135663534633662
30663134393636396665643433336539666361346133643065616431626237383166656136666338
32666465646534336636646335356631616561663832653430613334346237333265346561653266
31643661626663666131303131316338313165363235663835346262613265333966633734633838
30643661353838373539366231363838323265653335386164656565356631323163313366326464
64353634323437333437646632363531336337626134646130643766626630363134393138386462
63373535333234313966303137653232396636616131343433306163653138366165333537623736
30623438646566646565656663613231373431356636306533623963643737396261396134643666
63323665396337616662633765326463376638623331646331383736663632336231306665316637
39363130666439636535353233383862343332396433343463653339353163373836353630666462
65656662633631616438353362323164633961393639633032386664313637396561396161316331
39646134383466323061636166396465396666306564303333326535356363383935366663393264
61316236376230643431633333353961333366316161383961306338356263346630663330383633
61636338646235356166353238343133633863363666643136303139373034383939653430353336
38316634316333366436626433363437383932363334613630393932636634636332343830643263
64326566393236303865343165666530353066633434336239373161663262363930313036313837
39306630646265303939306364366331616430326565643665333439313531303661393232656232
31393539376238613530383033616666333865316437373161363865386131343166313839363031
38623238366661643962373030383163646261303332663363663061653135333330336366313264
64643030373039366530663137636535373637643265346239666264653135323938373933326639
61396134393131393361643238373236336139633632656331626339616530346337323731653638
38646162613337633230643736383030343636313137613030343062353335353535626330373534
35323361656230316332613965653664613638383439663336633933306435666365336136313966
39316137336635316634386164303139643365306363646133393038616135313266616333396166
34616134383262363832356336393332663237326563316530323334626431306238393565353238
34353335313831376331383762663237303138613034326438366237373234333438633862383030
61333935656265333166376337346464326362613563356361373833643037656230303465653961
31386664663666336536316433616539643236323463366165633634633665313030656334633835
35643962336234376366306235646466663436356137323735643461336538386532623236323636
33616464313331616635333638393966313630336162316264363765383566366463653531396465
66626634363339613838303930656234636639383862623839386366633734636234636134353838
32313634653631356335613566353631643438343734323539333236303036613930313465306235
37383434336533333738636536363631336230373231386131316338303936643363353864373935
61613938343862383635353166636632386330313130363338313632316339313631366433346365
65343934353262303462313366306134363439633032316139323339663562303666336130643161
63353266363562643565393565346634626632376666303866376238383833363562346333393465
64353562616361393763653335336565336637353739356635323935376330663732343766396137
37663930376437333539393365323238303061366463393034626435626633653363636136663962
66353230363863613437346133386133643563663061343131633032356435373630376233653836
30633238306263326335366463313330663062633534376339303336636462336365343439633338
33643965323839346464633536356236306634386433306366643161646334663265623537343864
64353161376431663062646235353934373937656131643562366363646434363630393233313432
34663938663033613062623331656230366639326635626631396166393763326330666530303436
62333334386632383466623137343836313135643731616165653336333562366361316532626163
32656535666438366239343535353937393731336366383435646339326331313263373937396166
35393437386633356531616633386261333639353636373664653531323337366266393963666533
39613263353661666634393735363136663135363838396530316634336135393762393031613235
33623865333064643539316436363434363264323630383836376134613432663939393536336235
35313438306236396465393732356238383331633837343733303437666362353639306462306164
65323365623939666266653931633638646234386231626430333830373562353561306163313639
62646166316539663439643665396565653834306531303765623331343966333466376466323431
34336637326132396139353434376562303439623233363337353536326638383233343265393537
32616162393834643532616662656536376230653630636436336530353130386164333437313436
62653666396635633565663765353137333162373735373930633838333964303233653361613132
65306162396232326630313261353938643464353862396566663763373531653533653434313234
30346262373430343434396635323336343332366364343566353364623930333564363761386231
64303761323239376162393134623935366162626630356465333336373265663035613932633264
63356136333763343335336632393135653233336161643234653066383636383565333661353630
30303765366233373666383666363365336464653334303538636136383766636563383933333062
62663936613231313239373163663533636161363961626332353432396564636164373639376566
65376164346132666137333932613261333565643536363933333664663236666537333932333738
31356566376635656161633137663762616462323038616364616664376130383563323633333533
63356235333861313634363332303430366366373835333532666638653164656363393238396265
65633366623661303061626432396265303566613635303462636165333932656239613366333834
38346132326664373265326163333561373763623563316436323637653636666666363039316331
35613066333535633166393735353362356664653231316335363164353437386631306538656165
30393064623634363130636263333434313538356264656562343464316439626132613162353362
31633737376361333664313931383238393534346335626234343739313430306465303866383738
30363035616532313461623330636531633061353163663435656539326561333438613938353338
39643933353837353239653461666232373963656134366135376563643537613633363666333466
33376565383962323131366532626133626235306465323363643935613532393636396332393737
64346531353765396531333961306634343932636663633837376665303332336630613731373337
37336338623638373566666437646262656630306331306630323432343463336265396638393031
63643934636361623930326437323730323632383663616239363835313736373130613461613362
32626631313032366432323833333962383661363632666265623263393862613632336533663166
37353037346631666530373036316136323735636331306332663465386531306333366437386634
65373638303865366262626630336131356564646232396162616337376334633132646432346261
38656132313135353638396138326464333565353164323038313839633739326266316231323961
38353034333564633661616261363637313265353336376335353463303939616435336334323737
63333439663734636138326632626230303834303436373165326438333566656361336364326165
33396231363536303336366432303363356532623131306536333164376138356535396264333434
31313365346532656365336637336637633839663632666432373066396333383235363736333866
32373165313266383933366537313363373835373064376435643066353264663565373332316433
36653966333766656135636335366364663938633861633937626232356366666534613462373561
38636664346633613936633763356438613438366632313536626134326332323062653338663339
35646632646561373732353661636233316437653137336333306630316638343264316135326164
34373165373665303634363631666561336637616633316139343531393137373633623361373264
35313164363138386135306464363438613066376165366232643236616430633263326431333336
63356231623534383639333234323534353737346265373961386233353963666234393664396534
63633630316265316364326663363364623638353436643030386633303737336337343462346331
38326365383739613831326161326436303739396335333565306561666534343433326265633938
62373137303163313730333730333633333836386134643964343236323031393363303233303834
37623466656164303636626662386465386534656331353731333566653934663534373036623935
35663765393333333364653164656435353834303539383931643466643033333039636365613034
37326532633731333562646663323062303132653233323164643436396661353134373334336263
36613636376531323636653133383035386632626230643461316236316438393237326239336333
65343235663364613763353233383063393138356232386165666536386161613935363330396130
32353065353230643363623039383639313263346235373739653237643966336339613461336235
64613634303339313633616563333533663237323634636461346439626166626266666232363763
62343130653439303638316564653262366564333961386530333034313435626161646330393038
32393263376436383066313638323163386435653064363631396364336232636531313963383630
39363337646131373836666536613763373665366130353966383063663261366165353161653930
37386236376330366439373464366364383466323564643534363966643561613133626566643439
62613935663032373339613137613331656336333564396236343436643663346531643565613732
39393539613665393666653135303132303962383734393261623762393739653031623736633235
36363438636564336532643838323731303635333233316261303665613135613137356463303634
36613032396563326330356434336261383631396434653631326566323339343335626439303966
62343439616466343139663334636334646266633034376564653565363139326232346465643231
35626265643531313537393835373431383065633062373838323162303738313535356161326236
32363066336663313039303134363365616230653138313634353766343939383434326362366165
36346264313938313763653035363564373834613562366135623538393764303537666430326561
65353866366465656561303434363865366538356533326361363564366537326135663164316433
66666364356161313063313666303438353435623333653030376136316561666139616138303566
30363636383236636334356264303761393332356138326133323438366230306630653733396263
36333961313433353066636436326261336437383837653934343331656531353763343836376630
63333932306462363531343066633061646132633739333666383665633939343132643236323664
64626233633631366162646263326662326361346238346464313763396334353435346331633735
36613037643662623466356531666138363734356662313561313635383334313030366566396262
38353730353738623861633565323363633339316637656536356666653139303432623730363934
35666535356233363630616639363931666632623163633765373237353939386633306634393366
38323635313234643061626164343936396139396531306237323330623761323538373266393766
66646531366661656533376130613033373138643861613366666465303234323631616233373061
31376363663731353265383739346337313837623936343931333131623064636135666231333537
64393565623930326435383863313534326162346561353164646133363630643430666564616233
64346235383631656332626331303163343962653631323630633439613831356661386535323832
31343737323636616437356134613934326438343763386663653736326532306632626432613330
34636263623431613239623864323235353361363733613735353831366534356461653934356235
36376337353930346335313861366432636362323538333862376539373435373830306539343434
62376161646462373634656234633133366366656234643930383339353364666562633064346563
39333036306439316431623263306239376666363531386536666562346663333338383635663662
33666663386439376131386538643637623563376466313036393032663336363031646665303739
37316633633361663761636530386265613434623934656332633935383836666436613039366132
30656631343361333838316631653062633830316532326165616361393762323535383862643664
38343361643235326336386137386538613337383834353632663433653933633266393366346637
64636334616136623936343435653331323365373862356432616538323664646239363231393164
64376536323136383431323630616330623765363461633961623138303831366632636536323532
65623832336661343564396363356465393166643330343536373461336162323064626663393633
65313761376564333461306230313332353336303830386334363230646139343731346637346236
63323536313664386637663638393332646439323232613338363238653966393862316436626462
39323433323137363764316663383034333535643132613463383761636233343431303839373733
39373566626333643738313837613664636236626533353832326661343939353734303935313638
35303533356334326438363036653931326437306439383463663034656163333962343837313666
62363361373330383838346539353936643132663862326261353765336161333030383964306661
66643436393738323531303732356138666136353662623632363139303331326163663162323463
63363664333531353565616566376231616439396434376366373330343033306537663863653965
61383862393639656533316561343333613865386539306436353166653137383733323838653930
32643664653636306235366361336235616361653633383737353665623764623866656561613066
30356538393133656336336632343932363533323338333833376566313239326463666365636131
36656564333533626239346463636234383566346638373834393065376332643330333536626637
66633966646238653334323332313366363133393931663762653035343839636664363563653963
31643736313531633239653466366461656234623365323733643733653165363439663865666133
61663762373438346164383933633164666435656263616439316163313966636563626161353839
64313835323265323065383863306535346564653864623865313362626130363734653934333630
36376235323236343166313762373930303430656438623036656463333032623130336662303435
36656438663566646232613162373064333230393233623463346533613738346530393332373835
63646132366664633432333865636332653531303330663065636165323361383761643561326635
36663365326462346465326537393664366134376164303261303666336336643232323765663738
35663635383763373936303265373163376633643561373433613162323835666239613361316337
30633337613034666630353964326533356664373863366533613233343935313831313036336661
66383330656462636133353266323132353263616533343936386633363931396335653138623764
39623335383361316433306139613833613432313063303436396532653866343361323061646166
32666639663535303031623236613434396338313862633231373634353234663436306539303135
36643665323331333763346263666666356135316235326461316631623734376564366334336264
39656564636266636232373433643661623339376437353938363732373031636130373165396238
35323466636632326136396262396638653462376665313533363330663463653937383966303462
61303239636463306631663838333032316136623239643662393133303035353461653032623534
61653032323731373262653839616164343562376539663133363465316665323361616132306662
36363064316261636336323734616437663937653066653732323138313130653736653830616161
38363830643233336533346634316534616537393663653331323531383965646331633763643631
37363266386338343533666338376161376437356136323733663562643262343363343066663061
64656333333134316434626561363365393638383032323963663966643265333266316362653336
63363930393835633338383761663266616362636438356331303635613565386531336637346534
33656161613231333463326533396233363935333666633332316632306334636330616231663637
38343936383966356534373630376333636363326530623961393733396263373237653734663032
31336135633730643331333037356632373339623132663631386333353331313334623266653937
31653135663536346530633266663165323439313735306463393633616136383539343664343231
38626431376332303431656230363235326564303132623737303130376135653330643565326561
32353764643766323234343336313233346532356537396465386438616264626364616531363831
37643164343635303362666230336537383838616534363433383732663031383466616563643037
33353065396137353432383233393538386535326430346366373566643131376636313263356430
31663262656262383466396665363966353261313936306433623137366433346431373338353466
37356131323861353861383337613634333132303935303666623136616633366365626437363835
61353437643436303162646532633032333537373036323233313436646263363763393836663038
35363535633565353733333332646335633961333133313736333636643736613665623966303136
66383036356335323061306234356635346339353634383436653363383166623638343663383638
39323738346363643637646363653037396363633032613265633830316464653538396330313838
32353738383834613864313033666533613664396339333938656134363961373662653463666632
65383863303665366433343766633066393663633563383239646530366331306632373162316263
63343566353231623665333431633463663662393264393037313433363664363265363339306265
30316338373364343231326166653237383566383963663638326563303834613963353138346638
31356166616661316635663533623134663334613065383861646430626136393261333430313964
62393632363338303731306533633961393161303433633266316433376534393230393732396565
61636666613765313765346238393962613032313766623238633737343938626165643261336134
35303361656330356132303037623134613334636439303632326638333166643363356639343261
64303131633039313336656632353637316235396539656233633261656264353235333239353539
61633531363334393637346364653361343430333264613366306433333764653363396634376334
30336636373239653561303462353731333730383835623438356531666437663365656335326562
32626230343333333362336535313662653366353831376136363263613566326666366336346338
38356661623432303938626564303135666364306664306133376632313565353636626364373561
33356466303264306631353830616664363336326636306333326630363133623337383465376634
63383230306633663866393932363466616134376438623132363139643534396565663363616436
33643133333634653034326233653264653030643838623361336262363363393433306166623966
36623064633462386265666633303266353738336665353666316438343864386236626566653062
62363431313136333065633963626662366637623432626431346338623033333130636362333839
38396432656337363833336632643330336337306466383461616637393466656433346230383236
66643536643861356631326362663130646339323631343735613432356334343335353034313066
39663566666336623166626366373565383432313137356635656161303239633938383161336236
31613333383334333061356366616633306135616130623235623765663565306563366338356666
65626265386530303638626463363731333335303166613131643437623039626231373965626236
37663661363835666335653130636533613863623931326565376531656434616664373335326435
65393234636266613163616363626331306361303439353136356330353566653065323334323539
38323031373031663463363433323836326166363539346365333263653630613139663962383964
65393262373066396537623738643161323632666530383735363736363538383462343966666663
64626634366236393134353538396265336630326430386635303761323936643638646132643834
35323565306263666333623432383762326164643665396438633735333437616465316162646166
61363032363531393938313435626130653432386335303337656662316664343733366463343163
65363563363436653938643461393738323261643734323632656131313866666365383331313831
38323737326338653563393031653630623436616464633032656431663338386165393766346661
35313762613865373435623732623164303433663438303262356665356134353266313466653035
33303561353065303931663962363235613830643365613963633161313234333233353036303263
32393231363733666166623936333461353236366637353964376333376666653231643637393966
34333039393133383566623338363532623163663238663832633065346232323039326361623834
38316663343862616336626661313966326532353435633734313162623836363462623365653935
30666336383437366239393164653636346164356633646138393533666139643038383339666465
36333264353766313261326562323766643934343437343537663666663862633938623039393136
61323866383734373836393238373964333930393139626339336562316236393738666139356534
63343731626563383535323331646335376137633663633037393561623836623634306433386631
63393465366431666564653737366337376239363338353037313262316532373938616666343362
30383331306131663837343431343530626337313435336432366639336466353036306339366634
36613934663462316461383932313265613830663064633462653633393765616237613865633231
38353565353539313762323463623833303532383465653935616336663931613265353962636465
33306439613537376335626336656231393662616264303261646130356261383466303462346162
62643533376332333236663734366163646434373664323737306265333338323062623431613664
65623035353931343863303864636335343361386465643330366461383763316231376566306437
36663932353537666139356131316534313134613662323436653266313134663439653461306336
63353364616530656563343337356237346434326633313964643636616263363239623036326234
31346362663937643232643832663735373864636461653361663737376330396161623163363766
66666236303764623961323364653236663033666134653138626135653933303635396432626630
63346261633131373833613132366165633339643335373934306661363664313931643630313162
30666638623139623233376364653563633733613964336435333764336535306365376638373938
33313063366233303235636630333365383266373265633564323562346262613364316231323466
31653733363566343631656332616364623665336366623130376565656263356638323563303932
34376361643938333935316438616632336434323136373863623465623638633035646333643334
35383061643130366662633465663439343265383062633961656364316433326336626538336163
64393464373539306464303030636339623730326233326236313764346462626661613035303439
65343263333634653331663638613866326239643464373332353638643039373662303735303433
63353564613963316466616434663038303030336634353238326332303031646231313565656662
37616162366232666436653463663561313665393333313236623264396537376131356363373133
65323339366364313239636137376366306630623439363330396263316239393431353565373765
62646433343130653863366163393764373563613738373664613335353264323437643837353330
38626335613761346536376534626337643133623361363662313162336465383864373261363430
36633135643032626239336432313935363532346632303931353833656130326630333333623238
66663034646139653137643162343231626637656237663239373863636537363832363137383635
61663662616633393265633766323562623631646630363434663864343434636161343363613736
33353165383436656532346636646436346163306234366236633231626565313135326565376164
34343063386662303434333030653639383937333562623030633663333734373134323964616165
65616235366137623664386137313739643436393334343236356637613262386230376635633633
32623430363930326664633738663564343136313662663365373734313965353338343635323736
63313263623131373630303939616566356239343764383562376366303832343133323839396363
64626132303366333765303932326238383635313764303237383037633463333830326261653761
31303365623635663538643662386137343336393864653731653631326462313461363736633134
32363731353363656133623966303133346433383332383431363332303266663163626232336532
61653632653738663130633464626234626334623337346536353162646366633266646566373633
63646563626262363465646638616330613064306531643665623931396630323838616430643865
65306134326363613062623863303237623666613563396537356639383239343336656365643263
33313037333030386461663965626336366565663532306430303564613733366533646233646331
34336661656237313463343962616632643337633735393463656230383161306637636235386131
30343030396336363034623734313064653466333135643161386135333437363334393363613036
65333237613764636332346464313136326235333633303165633332306538323166613634393337
38663631333830356433663932623031663935643732393764346337663238613133343134633332
63303961396263356236326166303464383237646232623630383538376434353235613261353162
30356432663866363166386565393366353934656234636238656136663838643935386330346566
33646366653139663430336133626166313966373337653464356132336361636232303937373633
32356432306430666430373438646365653538626132653735363362663736336432303865323334
30313032393931376264613565393438396166613532633361663834653234366237336138613264
61323064616538636134323863373064656663636365653966643730393036393936326464666635
35393935663164323030316639666637613337376266363835626139623935383533366338656436
34663962636436326335383630393337633631656163356533623136633439363236366663393139
63303237633138353238613234383964313965643733633764666262303033393833653061376566
30393666323037663739396536623030633937343438356636393637313639616537303339393464
64383431663839613461633834616162336531343634333730366333636266386333353764653532
64613862653561393839636262633035313434396335303865396331386532386638613638366164
31333239646434396330656563323938393936656137616537376466323735323735353535666130
34303034396564396530656665633530333066306461613161313838653163316532346561623663
62316166366236376539343337616364303438356534633637363537333230623635313463386137
38313135333962343337313430346436616638323232363339373235666334383061633536303961
66386436353734313662343665623962346537393964643839356436363139323934313337396339
32376632313632383932313132633163373063316339643261663338633538633239623939656665
35626566343936313332316236663035393731393336636430323834666262316463313630353361
63356332383835623266313564316331616464636531356538363839376165343664336663336136
37623365303931323865333563353838333130663663363561363232643432363830306366633233
37366434393236303437616562653866396239616439356136646466356639643231663465633165
38666333396334656538656336313363613561346139393334643464346361613837343435646237
31643039656432353338326562373932373631666538303130613265393137613436393937393732
33343539653466313166623665326431656535363230613331626130343136326364343338326535
64393837653139303831396534613465393464316434366233643338356438623362356639656138
38356233633836316139623633653039393065333839363632393739623733666234386434336232
65353135316635313538303264326533383733323662336339623437316165666262333563383235
35383865333730653666323933663765303262356335323030373931383237613665613864393438
35326532653533646136373061616163386365386639386562383238633433343730653639333061
30653262353063303264393431623039643237353137646436633561313766316637323766626439
31653733663439663635613166343431353132383236313764376435393662383337336335613936
34343434363763393436623761613337316239616431623937373262646166386261303463643961
61383739353732653361376661313030363762336432643135656633393764396362653963396462
61376230383065663138353535356435303631613563623762353232346666333061356366316131
39643038323039633530323134666162363165643638626135633664376533636236616433363762
63613661376332353666616539636434336433396463356462663434393139646137656363616136
38656466343136626162633731333765616330343235633537376637623564386665656466393833
38356232303861666336343234306632653932653530653730356337383061666234303331313633
38626664663463373865333033396438396335623738613637653133346461313639306661373839
61306637663638363935326638613662613761383531396561613532623335303633613131663833
30666462303636386437366330616266666531376465613837316633383761366262613535373533
39653733323437626338333535656261343639663361316665333934346261323965383937613962
36616466343131323932393563313238373037306430623539313235656534333932663238303864
64366564643763366134373031646263643161386234383466633035633433393939306361346231
36636266663962323765393663356635633165343236646635386236643864323966323034663163
65623132303736306334343539366230653363653030626666376466336264656261316636633934
32616630303733653839306231366331303461343463333135656635333733396137653831653964
62336363393164386565326630636139373739633636336263623262633364636437303765326363
33626539323866643531386437646538323935623337393865636332326634363766393132306637
38336434613963643234613339393232363735623162363963653834386233343461363330303361
66666265323661386365646663663735663432653764633139336138646463663436316261663733
65383337343364336461383761666235633435623164393463623264373332633164616433626237
37636531386361393066393836326334346566303437333666616365646335626364333561353837
32666664386636363931323465663830383339373437316264613931393737393762663339613366
66663139393134626636313063643630376132646432653162613866656164373865663436623630
34633738643366663132386636626133643961633739376339656364643736303064313238393439
62636631363964613937643263396139373237363961653030626434376335356130663130386465
35346235333566653331636238373634653237376130626264333535643065333934663765653262
63323530376332326464363735666331373636353038363662373066613131633338633737386134
30363731636135663865363532306335623963613539306231616663363238633539666135313439
65313035616330393330613938323231633233613833373235353835653366646531636437326236
34336336383033653930646364363466386435643435623134633032346337373735393663393062
62633533643963616633626633663461633832623436353930306335386334643437353263663464
65376234356135613362326434333132363566346561636538363834316535313561366230333438
39666531313632636537653733306235336662373863376666313336393538343863623936346636
65653434323633643730363966383964646562646637343663303438663536646231643438376266
61303631613730616536386562646230363962626166373533323032646431653761313063383830
38343534663164336136616332666334646665653865623866643235313235363464666138616230
37393333343262616263376165633531386365363532323063313137656561613261396436366561
32646363346363613331616563656435373333653536383161373130346639393539363637316231
66653465346134393339363037316432633262316138383636396337666332373965316631633738
33373636613164333865396233623665633538346536303632633565373539356363303033393136
35633635383638343561643563656337306637633163636465626664363534363139613034353165
34353732333337383139383834656663373237643235666536306536303937643937383939353730
66343939613436643766663833353533643436623866336430633234353162646366656233316533
30646433646265376164386637353435663931386631353463353534616363623036616163643562
64623061343865643039363863323361326538303630316162373838613533306666383436326536
62333566313435323265646665616630366337393563386237393564366439306139386462353035
38663564623965646437613461613438376565613238616661623135633936336633333731313139
63386566636630616137313735353864353739373031633332616239303733393663323562333064
30323132616566663933646263343234643135643437353930636235363364653666356466613762
32653138396539383134386366653532373931323863353331306634643032656333666362393132
37653634373161383439313463653639376465633734363336336365643464326133623866396664
64353835366233656237333039326233396530393736343363623730383766323035376230343961
35653665373261383362343261343564626431656638313561353732333064386532316564623637
66626531353964363339323137623963646464353837623331363732353936633065616632336139
33333332303130316337366462333663366332623830313064653534333162306230626434376234
64366431613961323834383333316266383039316333623534613161366663663664343839306435
3832
